0 0.464193 0.315430 0.096354 0.069336
0 0.605469 0.343262 0.102865 0.076172
0 0.742839 0.397217 0.109375 0.072754
0 0.400716 0.392822 0.100911 0.070801
0 0.483073 0.439453 0.091146 0.072266
0 0.589193 0.453369 0.098958 0.072754
0 0.707031 0.480957 0.102865 0.074219
0 0.328451 0.495850 0.111328 0.085449
0 0.501302 0.527100 0.110677 0.080566
0 0.630208 0.553955 0.104167 0.075684
0 0.352865 0.579590 0.104167 0.076172
0 0.209961 0.607910 0.104818 0.079102
0 0.431641 0.665283 0.131510 0.089355
0 0.591146 0.651123 0.119792 0.092285
0 0.560547 0.750000 0.130208 0.094727
