0 0.229492 0.174072 0.123047 0.091309
0 0.410156 0.242676 0.148438 0.105469
0 0.579102 0.277100 0.134766 0.108887
0 0.734701 0.216309 0.149089 0.108398
0 0.245117 0.315186 0.145182 0.112793
0 0.441732 0.442871 0.142578 0.107422
0 0.680339 0.438965 0.147135 0.103516
0 0.268880 0.547363 0.131510 0.097656
0 0.465495 0.604004 0.122396 0.096680
0 0.733398 0.585449 0.128255 0.093750
0 0.601562 0.668701 0.149740 0.102051
0 0.691732 0.766357 0.133464 0.105957
0 0.397135 0.726562 0.135417 0.104492
0 0.215495 0.709229 0.149740 0.106934
