0 0.470052 0.208252 0.117188 0.083496
0 0.587240 0.279297 0.119792 0.086914
0 0.836263 0.326416 0.113932 0.091309
0 0.685221 0.360352 0.115234 0.084961
0 0.754232 0.460449 0.138672 0.105469
0 0.432617 0.294434 0.121745 0.091797
0 0.382487 0.386475 0.108724 0.086426
0 0.515625 0.412109 0.121094 0.097656
0 0.582357 0.509766 0.111328 0.086914
0 0.651693 0.594238 0.144531 0.099609
0 0.280599 0.464844 0.115885 0.087891
0 0.435872 0.483643 0.120443 0.097168
0 0.215169 0.574463 0.126953 0.094238
0 0.353516 0.577393 0.127604 0.096191
0 0.505208 0.622803 0.128906 0.100098
0 0.396484 0.705322 0.140625 0.116699
0 0.572266 0.729492 0.141927 0.116211
