0 0.379557 0.271973 0.140625 0.108398
0 0.532878 0.351562 0.136068 0.097656
0 0.681315 0.329102 0.124349 0.097656
0 0.800456 0.393066 0.117839 0.083984
0 0.367188 0.385986 0.134115 0.095215
0 0.643880 0.440186 0.115885 0.083496
0 0.718099 0.537598 0.126302 0.097656
0 0.486003 0.508789 0.115234 0.084961
0 0.344076 0.494141 0.108724 0.080078
0 0.275716 0.577148 0.111328 0.078125
0 0.423828 0.579102 0.115885 0.081055
0 0.557943 0.587158 0.095052 0.074707
0 0.631510 0.653320 0.108073 0.078125
0 0.374023 0.662109 0.104818 0.082031
0 0.250977 0.673584 0.106120 0.076660
0 0.512370 0.685303 0.102865 0.076660
0 0.442057 0.741699 0.106771 0.080078
0 0.577474 0.743652 0.108073 0.076172
