0 0.284831 0.295166 0.141276 0.105957
0 0.458008 0.264893 0.146484 0.116699
0 0.731445 0.323486 0.149089 0.114746
0 0.585612 0.368652 0.130859 0.113281
0 0.400065 0.375000 0.141276 0.103516
0 0.273438 0.441406 0.138021 0.102539
0 0.395833 0.511963 0.128906 0.094238
0 0.563477 0.492920 0.141276 0.104004
0 0.733724 0.458252 0.136719 0.106934
0 0.694661 0.588135 0.134115 0.108887
0 0.522461 0.599121 0.149089 0.109375
0 0.247070 0.617188 0.152995 0.120117
0 0.376953 0.711182 0.128906 0.100098
0 0.541992 0.791992 0.147786 0.116211
0 0.711263 0.718018 0.152995 0.110840
0 0.739909 0.847412 0.152995 0.119629
0 0.236003 0.806885 0.137370 0.105957
