0 0.408854 0.226318 0.096354 0.071777
0 0.534505 0.287354 0.109375 0.080566
0 0.667643 0.330566 0.115234 0.087891
0 0.814779 0.308350 0.125651 0.086426
0 0.380534 0.318115 0.115234 0.089355
0 0.520508 0.415527 0.120443 0.084961
0 0.725260 0.464355 0.132812 0.086914
0 0.296875 0.460205 0.111979 0.081543
0 0.555990 0.524170 0.109375 0.086426
0 0.744466 0.605225 0.124349 0.093262
0 0.388672 0.556152 0.130208 0.090820
0 0.589844 0.662598 0.143229 0.104492
0 0.438151 0.689941 0.143229 0.105469
0 0.659180 0.773926 0.142578 0.108398
0 0.210938 0.635498 0.144531 0.097168
