0 0.221354 0.174805 0.123698 0.096680
0 0.404622 0.240723 0.152995 0.110352
0 0.583659 0.270508 0.138672 0.116211
0 0.752930 0.202881 0.164714 0.122559
0 0.238932 0.320557 0.147135 0.115723
0 0.449544 0.418945 0.147786 0.107422
0 0.697266 0.440186 0.156250 0.108887
0 0.221680 0.519287 0.141276 0.104004
0 0.532878 0.544189 0.128255 0.102051
0 0.754883 0.595459 0.141276 0.101074
0 0.370117 0.615479 0.155599 0.109863
0 0.219401 0.729736 0.156250 0.111816
0 0.472331 0.744141 0.146484 0.114258
0 0.615885 0.684570 0.147135 0.112305
0 0.717773 0.791748 0.149089 0.111816
