0 0.206055 0.166016 0.119141 0.089844
0 0.385091 0.227295 0.138672 0.101074
0 0.706706 0.189941 0.143880 0.104492
0 0.583008 0.288818 0.134766 0.100098
0 0.229167 0.302002 0.135417 0.105957
0 0.382161 0.379150 0.139323 0.099121
0 0.663737 0.409424 0.138672 0.096191
0 0.214518 0.492188 0.126953 0.094727
0 0.516276 0.509521 0.115885 0.089355
0 0.723633 0.553467 0.126953 0.090332
0 0.360026 0.578369 0.134115 0.098145
0 0.595378 0.642334 0.138672 0.099121
0 0.692708 0.734131 0.127604 0.098145
0 0.464844 0.700439 0.138021 0.099121
0 0.202799 0.717773 0.145182 0.103516
