0 0.273438 0.261230 0.151042 0.110352
0 0.502930 0.250000 0.152995 0.121094
0 0.735352 0.291260 0.150391 0.119629
0 0.739258 0.431641 0.137370 0.101562
0 0.564779 0.433350 0.150391 0.109863
0 0.413086 0.455078 0.121745 0.104492
0 0.261719 0.415039 0.153646 0.111328
0 0.259766 0.597900 0.149740 0.118652
0 0.512044 0.577881 0.142578 0.107910
0 0.689779 0.563232 0.141276 0.103027
0 0.708984 0.705811 0.161458 0.119629
0 0.534831 0.774170 0.152995 0.120605
0 0.367513 0.693848 0.133464 0.102539
0 0.219401 0.785645 0.145833 0.100586
