0 0.193359 0.390381 0.121094 0.082520
0 0.402018 0.407471 0.139974 0.096191
0 0.612630 0.389160 0.132812 0.094727
0 0.789062 0.383789 0.130208 0.095703
0 0.306966 0.480957 0.125651 0.083008
0 0.575846 0.485840 0.121745 0.083008
0 0.707031 0.462891 0.131510 0.091797
0 0.825195 0.528564 0.142578 0.104980
0 0.444987 0.563477 0.129557 0.097656
0 0.618164 0.582764 0.141276 0.098145
0 0.212240 0.590088 0.145833 0.099121
0 0.146159 0.730469 0.141276 0.107422
0 0.304688 0.701904 0.141927 0.104980
0 0.467773 0.679443 0.128255 0.096191
0 0.638672 0.706299 0.141927 0.108887
0 0.805339 0.684570 0.149740 0.111328
