0 0.250651 0.159424 0.161458 0.116699
0 0.464193 0.213135 0.164062 0.134277
0 0.629883 0.152344 0.155599 0.115234
0 0.810547 0.193359 0.139323 0.113281
0 0.646810 0.300781 0.146484 0.109375
0 0.800781 0.399414 0.170573 0.126953
0 0.283203 0.298340 0.164062 0.121094
0 0.494792 0.425537 0.161458 0.116699
0 0.302734 0.447266 0.139323 0.107422
0 0.638672 0.520752 0.135417 0.114746
0 0.782552 0.599121 0.165365 0.121094
0 0.450195 0.548096 0.158203 0.115723
0 0.255534 0.587646 0.152995 0.112793
0 0.433594 0.688721 0.169271 0.130371
0 0.642578 0.683594 0.156250 0.119141
0 0.779622 0.769043 0.172526 0.123047
0 0.576172 0.808105 0.166667 0.135742
0 0.269857 0.745117 0.160807 0.128906
