0 0.424805 0.220703 0.099609 0.072266
0 0.543620 0.292236 0.113281 0.087402
0 0.669922 0.342773 0.117188 0.090820
0 0.823893 0.326172 0.137370 0.087891
0 0.388997 0.320557 0.113932 0.091309
0 0.505534 0.449463 0.126953 0.089355
0 0.710612 0.486084 0.129557 0.094238
0 0.321289 0.500244 0.112630 0.084473
0 0.470378 0.583740 0.111328 0.084473
0 0.715169 0.625732 0.123047 0.087402
0 0.208984 0.628662 0.131510 0.096191
0 0.357422 0.683350 0.138021 0.094238
0 0.565430 0.675049 0.133464 0.099121
0 0.618164 0.783203 0.136068 0.103516
