0 0.281901 0.278320 0.134115 0.097656
0 0.484701 0.269287 0.138672 0.101074
0 0.687174 0.303223 0.128255 0.102539
0 0.269857 0.411865 0.133464 0.100098
0 0.406901 0.448975 0.113281 0.091309
0 0.539714 0.430176 0.128906 0.094727
0 0.692057 0.427246 0.123698 0.092773
0 0.277344 0.576172 0.135417 0.103516
0 0.497721 0.554932 0.133464 0.093262
0 0.653320 0.540771 0.121745 0.089355
0 0.372721 0.658203 0.119141 0.090820
0 0.667318 0.663086 0.136719 0.103516
0 0.516276 0.729004 0.138021 0.100586
0 0.689128 0.777832 0.146484 0.103516
0 0.240560 0.740479 0.124349 0.091309
