0 0.448242 0.315186 0.097005 0.067871
0 0.583333 0.313477 0.087240 0.065430
0 0.703125 0.348389 0.098958 0.070801
0 0.773438 0.437256 0.109375 0.073730
0 0.555339 0.406006 0.101562 0.072754
0 0.372396 0.421387 0.092448 0.062500
0 0.448568 0.486816 0.111979 0.073242
0 0.595703 0.516846 0.096354 0.067871
0 0.291992 0.500244 0.098307 0.070801
0 0.232422 0.608887 0.106771 0.079102
0 0.355143 0.641602 0.112630 0.083984
0 0.487630 0.586182 0.109375 0.080566
0 0.674154 0.602783 0.107422 0.084473
0 0.520182 0.735107 0.123698 0.099121
