0 0.286458 0.318604 0.127604 0.091309
0 0.436849 0.264404 0.118490 0.098145
0 0.601562 0.266113 0.128906 0.094727
0 0.742839 0.355225 0.144531 0.099121
0 0.480794 0.396729 0.133464 0.098145
0 0.290690 0.484131 0.119141 0.079590
0 0.421549 0.529785 0.142578 0.099609
0 0.597656 0.512207 0.115885 0.089844
0 0.734701 0.581299 0.125651 0.094238
0 0.271159 0.600830 0.121745 0.089355
0 0.534831 0.627441 0.128255 0.099609
0 0.661458 0.764160 0.135417 0.110352
0 0.438802 0.729004 0.135417 0.097656
0 0.293945 0.734863 0.116536 0.093750
