0 0.393229 0.215576 0.092448 0.065918
0 0.514974 0.270020 0.110677 0.078125
0 0.365234 0.300049 0.106771 0.083496
0 0.464518 0.371338 0.120443 0.079590
0 0.657878 0.333252 0.115234 0.078613
0 0.786133 0.282715 0.120443 0.078125
0 0.701823 0.430420 0.127604 0.086426
0 0.538411 0.488037 0.104167 0.081543
0 0.723633 0.560059 0.123047 0.086914
0 0.285482 0.433105 0.108724 0.078125
0 0.376628 0.521240 0.125651 0.083496
0 0.574870 0.617676 0.135417 0.098633
0 0.424479 0.645508 0.141927 0.096680
0 0.172201 0.613037 0.129557 0.095215
0 0.642904 0.720703 0.138672 0.104492
