0 0.302409 0.325195 0.142578 0.098633
0 0.508464 0.315674 0.138021 0.105957
0 0.716797 0.348877 0.127604 0.103027
0 0.408529 0.397461 0.124349 0.095703
0 0.292969 0.464600 0.128906 0.098145
0 0.432292 0.499023 0.109375 0.090820
0 0.566081 0.480469 0.132161 0.104492
0 0.725260 0.477539 0.130208 0.092773
0 0.298503 0.627441 0.138672 0.112305
0 0.527344 0.607666 0.134115 0.098145
0 0.684570 0.594238 0.130859 0.095703
0 0.398438 0.712158 0.115885 0.097168
0 0.697266 0.718262 0.131510 0.100586
0 0.544922 0.790283 0.144531 0.114746
0 0.725586 0.839355 0.136068 0.106445
0 0.262370 0.800537 0.134115 0.093262
