0 0.455404 0.268799 0.111328 0.083496
0 0.627930 0.297119 0.130859 0.089355
0 0.795573 0.360107 0.126302 0.089355
0 0.379232 0.363281 0.123047 0.083984
0 0.482747 0.419678 0.110026 0.083496
0 0.611654 0.436035 0.128255 0.091797
0 0.756185 0.467529 0.129557 0.091309
0 0.298177 0.496338 0.138021 0.098145
0 0.510742 0.530762 0.121745 0.094727
0 0.665365 0.557373 0.126302 0.094238
0 0.333984 0.593506 0.118490 0.088379
0 0.161458 0.634277 0.121094 0.089844
0 0.433268 0.701172 0.155599 0.110352
0 0.624349 0.677002 0.144531 0.106934
